%YAML:1.0
---
camera_matrix: !!opencv-matrix
   rows: 3
   cols: 3
   dt: d
   data: [ 3.2592145088886937e+03, 0., 1.4654930087404352e+03, 0.,
       3.2563916240813596e+03, 1.4309965005807471e+03, 0., 0., 1. ]
dist_coeff: !!opencv-matrix
   rows: 1
   cols: 5
   dt: d
   data: [ 1.2043342550796041e-01, -1.5249307767750525e-02,
       -5.7137842202231882e-03, -2.9179268949076202e-03,
       -2.1518314242067045e+00 ]
